PATH = .
TIMEOUT = 600
DAYS_PER_MATCH = 5.803886925795053
EXPIRY = 0.00220192718495970
PATIENCE = 0
RENEGE = .5
EXPECTED_PAIRS = 4.7715827338129495
EXPECTED_ALTRUISTS = 0.1420863309352518
CHAIN_CAP = 4
CYCLE_CAP = 3
CUSTOM_WEIGHTS_PATH=./custom/UNOSWeights.java
CUSTOM_WEIGHTS_CLASSNAME=custom.UNOSWeights